Object,log_L_1350[erg/s],log_L_1350_err_up,log_L_1350_err_low,FWHM(CIV)[km/s],FWHM(CIV)_err_up,FWHM(CIV)_err_low,log_L_bol[erg/s],log_L_bol_err_up,log_L_bol_err_low,log_M_BH[M_solar],log_M_BH_err_up,log_M_BH_err_low,log_Edd,log_Edd_err_up,log_Edd_err_low
J095825.79+012628.64,42.69,0.04,-0.05,7868,530,-1886,46.4,0.04,-0.05,9.42,0.06,-0.32,-1.12,0.32,-0.06
J095819.36+013530.52,42.18,0.07,-0.12,952,71,-53,45.89,0.07,-0.12,7.31,0.08,-0.1,0.48,0.05,-0.07
J095848.37+013818.12,41.99,0.0,-0.0,1743,130,-148,45.7,0.0,-0.0,7.74,0.06,-0.08,-0.13,0.08,-0.06
J100142.97+030118.85,42.09,0.06,-0.08,1464,106,-100,45.8,0.06,-0.08,7.64,0.07,-0.06,0.06,0.08,-0.07
J021917.34-040443.21,42.35,0.08,-0.09,1355,139,-97,46.06,0.08,-0.09,7.71,0.08,-0.08,0.25,0.07,-0.1
J095931.01+021332.89,41.7,0.04,-0.04,2681,314,-338,45.41,0.04,-0.04,7.96,0.08,-0.13,-0.65,0.14,-0.1
J100149.65+030657.10,42.49,0.02,-0.02,1211,52,-30,46.2,0.02,-0.02,7.69,0.04,-0.02,0.42,0.03,-0.04
J100001.06+020220.06,42.51,0.04,-0.03,3170,476,-486,46.22,0.04,-0.03,8.53,0.12,-0.15,-0.41,0.16,-0.12
J100129.25+012635.27,42.92,0.02,-0.02,4502,1041,-1141,46.64,0.02,-0.02,9.06,0.17,-0.28,-0.52,0.27,-0.18
J100320.90+022930.03,42.98,0.02,-0.02,5958,486,-2067,46.69,0.02,-0.02,9.33,0.06,-0.75,-0.74,0.78,-0.07
J100307.73+021706.29,42.32,0.02,-0.03,1343,337,-164,46.03,0.02,-0.03,7.68,0.17,-0.12,0.24,0.11,-0.18
J021732.40-051250.72,42.68,0.02,-0.03,6542,764,-1326,46.39,0.02,-0.03,9.25,0.09,-0.21,-0.96,0.2,-0.1
J021404.39-064010.39,42.82,0.01,-0.01,1896,165,-126,46.53,0.01,-0.01,8.25,0.07,-0.06,0.18,0.06,-0.07
J141109.04-003446.56,41.94,0.2,-0.17,1993,523,-676,45.65,0.2,-0.17,7.83,0.22,-0.45,-0.27,0.51,-0.19
J141952.07-004857.10,42.42,0.03,-0.02,5303,1000,-2233,46.13,0.03,-0.02,8.93,0.15,-0.94,-0.9,0.95,-0.15
J141852.62+001717.48,41.7,0.08,-0.17,1965,559,-413,45.41,0.08,-0.17,7.69,0.18,-0.31,-0.38,0.27,-0.2
J144045.12+011033.41,42.56,0.02,-0.02,4041,582,-1297,46.27,0.02,-0.02,8.77,0.11,-0.71,-0.6,0.72,-0.11
J224918.73+014400.32,42.53,0.02,-0.02,6942,1324,-2035,46.24,0.02,-0.02,9.22,0.15,-0.35,-1.08,0.35,-0.15
J224802.49+014930.62,42.75,0.02,-0.03,6262,966,-1957,46.46,0.02,-0.03,9.25,0.12,-0.64,-0.89,0.64,-0.12
J223523.91+005801.81,42.46,0.11,-0.12,4769,860,-745,46.17,0.11,-0.12,8.86,0.16,-0.17,-0.79,0.17,-0.16
J140511.31-012647.74,42.73,0.01,-0.01,3668,119,-157,46.44,0.01,-0.01,8.78,0.03,-0.04,-0.43,0.04,-0.03
J021228.97-061513.12,42.3,0.03,-0.04,2850,268,-241,46.01,0.03,-0.04,8.33,0.08,-0.08,-0.42,0.08,-0.08
J021207.13-062157.85,42.2,0.05,-0.08,4722,5038,-10,45.91,0.05,-0.08,8.71,0.63,-0.01,-0.9,0.01,-0.63
J021651.21-060328.77,42.13,0.09,-0.11,1429,388,-471,45.85,0.09,-0.11,7.64,0.21,-0.43,0.11,0.4,-0.21
J021211.45-051258.43,42.13,0.11,-0.23,3374,431,-459,45.84,0.11,-0.23,8.38,0.12,-0.2,-0.64,0.14,-0.12
J021547.05-064527.93,42.56,0.05,-0.07,2939,1533,-927,46.27,0.05,-0.07,8.49,0.31,-0.78,-0.32,0.78,-0.34
J224833.27+014153.19,42.74,0.02,-0.03,2930,159,-405,46.45,0.02,-0.03,8.59,0.04,-0.15,-0.23,0.13,-0.05
J224736.80+005035.74,42.05,0.07,-0.13,1627,978,-615,45.76,0.07,-0.13,7.71,0.36,-0.47,-0.05,0.5,-0.4
J224336.12+011217.41,42.26,0.06,-0.08,1231,175,-169,45.98,0.06,-0.08,7.58,0.1,-0.15,0.3,0.13,-0.13
J224727.25+001553.47,42.39,0.07,-0.07,1090,594,-473,46.1,0.07,-0.07,7.54,0.35,-0.66,0.46,0.65,-0.36
J224705.21+020140.60,42.36,0.03,-0.04,2993,276,-238,46.07,0.03,-0.04,8.4,0.08,-0.08,-0.43,0.07,-0.08
J224620.45+005341.08,43.0,0.01,-0.01,6543,350,-297,46.71,0.01,-0.01,9.42,0.05,-0.04,-0.81,0.04,-0.04
J142141.40-000639.96,41.75,0.13,-0.27,1426,998,-567,45.46,0.13,-0.27,7.44,0.39,-0.58,-0.07,0.59,-0.42
J141710.02-011630.37,42.32,0.04,-0.04,3470,957,-854,46.03,0.04,-0.04,8.51,0.2,-0.29,-0.58,0.27,-0.21
J141549.62+000535.19,42.29,0.05,-0.07,2674,490,-442,46.0,0.05,-0.07,8.26,0.14,-0.16,-0.37,0.16,-0.15
J142251.56+000142.78,42.82,0.02,-0.03,4528,596,-1127,46.53,0.02,-0.03,9.01,0.1,-0.51,-0.57,0.51,-0.1
J141743.93-003328.40,42.74,0.01,-0.01,10902,561,-1091,46.45,0.01,-0.01,9.73,0.04,-0.09,-1.38,0.09,-0.05
J142155.58-004957.37,42.98,0.03,-0.02,8032,785,-1245,46.69,0.03,-0.02,9.59,0.09,-0.16,-1.0,0.16,-0.08
J141656.61-001743.45,42.09,0.05,-0.07,3064,683,-354,45.8,0.05,-0.07,8.28,0.15,-0.12,-0.58,0.11,-0.17
J144011.24+011703.03,42.45,0.04,-0.04,3654,260,-375,46.16,0.04,-0.04,8.62,0.07,-0.11,-0.56,0.09,-0.06
J143747.44+011749.68,42.14,0.09,-0.08,3097,245,-238,45.85,0.09,-0.08,8.31,0.08,-0.08,-0.57,0.07,-0.09
J144024.09+013649.92,42.54,0.03,-0.02,2315,98,-71,46.25,0.03,-0.02,8.27,0.04,-0.03,-0.13,0.03,-0.04
J143954.19+011251.02,42.77,0.01,-0.02,4261,590,-486,46.48,0.01,-0.02,8.93,0.11,-0.11,-0.54,0.11,-0.11
J144105.14+014510.90,42.31,0.05,-0.07,3623,299,-243,46.02,0.05,-0.07,8.54,0.07,-0.08,-0.62,0.06,-0.07
J144420.54+012006.08,42.39,0.04,-0.04,1981,278,-253,46.1,0.04,-0.04,8.06,0.12,-0.13,-0.06,0.12,-0.11
J144218.23+014422.08,42.38,0.03,-0.03,2392,986,-764,46.1,0.03,-0.03,8.22,0.27,-0.59,-0.23,0.59,-0.28
J143900.10+012910.86,42.71,0.03,-0.03,3102,227,-226,46.42,0.03,-0.03,8.62,0.06,-0.07,-0.3,0.07,-0.07
J144038.43+014435.01,42.18,0.04,-0.06,2182,1407,-810,45.89,0.04,-0.06,8.03,0.41,-0.49,-0.24,0.51,-0.4
J220504.39+021853.78,42.2,0.08,-0.13,5471,1179,-1638,45.91,0.08,-0.13,8.84,0.16,-0.4,-1.03,0.39,-0.18
J220751.01+021130.42,42.1,0.1,-0.1,4542,1994,-1465,45.81,0.1,-0.1,8.63,0.31,-0.31,-0.91,0.37,-0.32
J220522.42+021149.32,42.52,0.0,-0.0,2355,207,-468,46.23,0.0,-0.0,8.28,0.07,-0.24,-0.15,0.24,-0.07
J141039.69-002036.72,43.0,0.02,-0.02,3389,264,-561,46.71,0.02,-0.02,8.85,0.06,-0.17,-0.24,0.17,-0.06
J140957.60-010860.00,42.44,0.03,-0.04,4683,734,-604,46.15,0.03,-0.04,8.83,0.12,-0.13,-0.78,0.13,-0.11
J140738.04-004006.37,42.94,0.04,-0.05,4060,679,-518,46.65,0.04,-0.05,8.97,0.13,-0.13,-0.42,0.13,-0.13
J141045.23-002851.75,42.71,0.03,-0.03,2566,129,-146,46.42,0.03,-0.03,8.46,0.04,-0.05,-0.13,0.06,-0.05
J140755.06-015225.65,42.29,0.04,-0.05,3510,2049,-1343,46.0,0.04,-0.05,8.5,0.37,-0.46,-0.6,0.46,-0.39
J140422.59-010606.44,42.05,0.05,-0.06,3337,784,-993,45.76,0.05,-0.06,8.33,0.17,-0.5,-0.67,0.52,-0.18
J223535.59+003602.07,43.03,0.02,-0.02,4290,1595,-902,46.74,0.02,-0.02,9.07,0.27,-0.21,-0.43,0.21,-0.26
J223753.72+000648.18,43.0,0.02,-0.02,4059,816,-1149,46.71,0.02,-0.02,9.01,0.15,-0.64,-0.39,0.63,-0.15
J224528.23+013956.41,42.77,0.02,-0.02,5182,681,-2907,46.48,0.02,-0.02,9.1,0.1,-1.68,-0.71,1.65,-0.1
J224832.90+011726.72,42.76,0.02,-0.02,6579,365,-925,46.47,0.02,-0.02,9.3,0.05,-0.16,-0.93,0.15,-0.04
J021432.49-064548.88,41.85,0.17,-0.05,1673,203,-394,45.56,0.17,-0.05,7.63,0.15,-0.05,-0.16,0.33,-0.44
J142048.44-000006.26,43.22,0.01,-0.01,7623,610,-729,46.93,0.01,-0.01,9.67,0.06,-0.09,-0.84,0.09,-0.07
J141809.68-010502.32,43.08,0.01,-0.02,3753,5626,-10,46.8,0.01,-0.02,8.98,0.79,-0.01,-0.29,0.01,-0.79
J144417.88-000200.83,42.75,0.03,-0.03,3022,117,-139,46.46,0.03,-0.03,8.62,0.04,-0.04,-0.26,0.04,-0.04
J144359.07-002510.48,42.27,0.04,-0.07,2491,298,-269,45.98,0.04,-0.07,8.2,0.1,-0.11,-0.31,0.11,-0.1
J141844.60+010747.04,41.91,0.02,-0.03,2710,128,-102,45.62,0.02,-0.03,8.08,0.04,-0.04,-0.56,0.03,-0.04
J091408.20-012511.99,42.04,0.02,-0.02,6198,1224,-1285,45.75,0.02,-0.02,8.87,0.15,-0.23,-1.21,0.23,-0.15
J141550.76+010300.23,41.96,0.02,-0.02,3220,210,-164,45.67,0.02,-0.02,8.26,0.06,-0.04,-0.68,0.05,-0.05
J115616.98-005937.06,41.81,0.03,-0.03,2345,491,-499,45.52,0.03,-0.03,7.9,0.16,-0.22,-0.48,0.22,-0.17
J163413.29+430031.31,42.59,0.01,-0.01,2480,360,-408,46.3,0.01,-0.01,8.36,0.11,-0.18,-0.16,0.17,-0.11
J120357.95+003205.17,42.53,0.01,-0.01,2108,73,-60,46.24,0.01,-0.01,8.19,0.03,-0.03,-0.05,0.02,-0.03
J092553.16+023956.30,42.27,0.02,-0.02,1434,28,-12,45.98,0.02,-0.02,7.72,0.02,-0.02,0.17,0.01,-0.02
J115626.34-005832.99,42.13,0.02,-0.02,4847,359,-485,45.84,0.02,-0.02,8.7,0.06,-0.1,-0.96,0.1,-0.06
J144805.20-014547.60,41.85,0.02,-0.03,1880,295,-185,45.57,0.02,-0.03,7.73,0.12,-0.1,-0.26,0.09,-0.12
J141838.72+010601.96,42.46,0.01,-0.01,1926,34,-27,46.17,0.01,-0.01,8.07,0.02,-0.01,-0.0,0.01,-0.02
J141812.47+010604.50,41.9,0.02,-0.02,2342,134,-128,45.61,0.02,-0.02,7.95,0.05,-0.05,-0.43,0.05,-0.05
J144803.28-014219.31,42.1,0.02,-0.02,2729,951,-766,45.81,0.02,-0.02,8.18,0.24,-0.3,-0.47,0.3,-0.25
J144742.69-013140.47,42.02,0.02,-0.02,1503,237,-154,45.73,0.02,-0.02,7.62,0.13,-0.09,0.01,0.1,-0.12
J115608.96-010853.40,42.86,0.0,-0.01,4703,88,-106,46.57,0.0,-0.01,9.06,0.02,-0.02,-0.59,0.02,-0.02
